[gd_scene format=3 uid="uid://dwql681j0w72w"]

[ext_resource type="PackedScene" uid="uid://cgaffi0rppyqx" path="res://assets/bert/bert.glb" id="1_1bn65"]

[node name="bert" unique_id=751518164 instance=ExtResource("1_1bn65")]

[node name="SkateBert" parent="Base" parent_id_path=PackedInt32Array(514814567) index="0" unique_id=849193975]
transform = Transform3D(1, 0, 0, 0, -4.371139e-08, 1, 0, -1, -4.371139e-08, 0, 0, 0)

[node name="board" parent="Base/SkateBert" index="0" unique_id=543611561]
transform = Transform3D(1, 0, 0, 0, 0.9848077, 0.17364818, 0, -0.17364818, 0.9848077, 0.008074284, 0.41745842, 0.0032007098)

[node name="Skeleton3D" parent="Base/SkateBert/board/BertRig" parent_id_path=PackedInt32Array(515804092) index="0" unique_id=1873090134]
bones/12/rotation = Quaternion(0.009911557, -0.0035650532, 0.020877792, 0.9997266)
bones/15/rotation = Quaternion(0.040846005, -0.0027030027, -0.06468382, 0.99706596)
bones/16/rotation = Quaternion(0.2437814, 0.06386508, -0.16246293, 0.95399046)
bones/19/rotation = Quaternion(0.5248255, -0.52713394, 0.5537095, 0.37429124)
bones/25/rotation = Quaternion(0.21412653, 0.8889291, 0.19993317, 0.35211027)
bones/28/rotation = Quaternion(0.00048170218, -0.0047253594, 0.99371326, -0.11185469)
bones/32/rotation = Quaternion(-0.024866587, 0.0030929851, 0.010330776, 0.9996327)
bones/39/rotation = Quaternion(0.14621262, 0.0016613912, -0.02943323, 0.9888139)
bones/42/rotation = Quaternion(-0.13873965, -0.014612634, 0.11089699, 0.98399174)
bones/45/rotation = Quaternion(-0.024791801, 0.0041624024, -0.010507784, 0.9996288)
bones/47/rotation = Quaternion(-0.022411572, 0.0032783407, 0.008260596, 0.99970937)
bones/49/rotation = Quaternion(-0.09929025, 0.011811088, 0.013284765, 0.9948998)

[node name="firstachse" parent="Base/SkateBert" index="1" unique_id=701477264]
transform = Transform3D(0.9659258, 0, 0.25881907, 0, 1, 0, -0.25881907, 0, 0.9659258, 1.1110541, 0.43463552, -0.00343135)

[node name="secondachse" parent="Base/SkateBert" index="2" unique_id=702074823]
transform = Transform3D(0.9659258, 0, -0.25881907, 0, 1, 0, 0.25881907, 0, 0.9659258, -1.0949056, 0.4346354, -0.003431365)
